% Hi3 Code

hi3 = 32 + 23 ;